10
90
0 1 4
0 2 1
0 3 3
0 4 1
0 5 1
0 6 3
0 7 3
0 8 3
0 9 2
1 0 0.25
1 2 3
1 3 3
1 4 2
1 5 3
1 6 3
1 7 3
1 8 2
1 9 1
2 0 1.0
2 1 0.333333333333
2 3 2
2 4 1
2 5 2
2 6 2
2 7 2
2 8 2
2 9 3
3 0 0.333333333333
3 1 0.333333333333
3 2 0.5
3 4 1
3 5 4
3 6 3
3 7 4
3 8 2
3 9 4
4 0 1.0
4 1 0.5
4 2 1.0
4 3 1.0
4 5 1
4 6 3
4 7 3
4 8 4
4 9 4
5 0 1.0
5 1 0.333333333333
5 2 0.5
5 3 0.25
5 4 1.0
5 6 2
5 7 2
5 8 4
5 9 1
6 0 0.333333333333
6 1 0.333333333333
6 2 0.5
6 3 0.333333333333
6 4 0.333333333333
6 5 0.5
6 7 1
6 8 4
6 9 3
7 0 0.333333333333
7 1 0.333333333333
7 2 0.5
7 3 0.25
7 4 0.333333333333
7 5 0.5
7 6 1.0
7 8 3
7 9 4
8 0 0.333333333333
8 1 0.5
8 2 0.5
8 3 0.5
8 4 0.25
8 5 0.25
8 6 0.25
8 7 0.333333333333
8 9 2
9 0 0.5
9 1 1.0
9 2 0.333333333333
9 3 0.25
9 4 0.25
9 5 1.0
9 6 0.333333333333
9 7 0.25
9 8 0.5
