50
2450
0 1 0.253
0 2 0.081
0 3 6.595
0 4 0.243
0 5 14.497
0 6 0.378
0 7 0.133
0 8 7.239
0 9 15.978
0 10 19.494
0 11 0.316
0 12 12.87
0 13 0.054
0 14 0.136
0 15 0.06
0 16 0.055
0 17 15.335
0 18 0.065
0 19 19.166
0 20 5.55
0 21 0.354
0 22 0.068
0 23 12.609
0 24 12.544
0 25 0.154
0 26 0.068
0 27 0.46
0 28 4.618
0 29 0.282
0 30 11.372
0 31 5.866
0 32 0.061
0 33 12.407
0 34 17.185
0 35 5.066
0 36 0.101
0 37 0.079
0 38 0.11
0 39 0.109
0 40 4.339
0 41 0.05
0 42 1.626
0 43 4.203
0 44 0.089
0 45 1.068
0 46 2.744
0 47 0.066
0 48 17.849
0 49 0.068
1 0 3.886
1 2 13.78
1 3 12.544
1 4 9.303
1 5 0.052
1 6 0.104
1 7 7.025
1 8 0.084
1 9 0.07
1 10 9.978
1 11 0.106
1 12 0.224
1 13 0.442
1 14 0.07
1 15 8.498
1 16 0.054
1 17 19.088
1 18 0.106
1 19 16.988
1 20 4.093
1 21 12.461
1 22 7.523
1 23 0.116
1 24 11.965
1 25 0.193
1 26 0.768
1 27 0.049
1 28 11.285
1 29 4.172
1 30 16.873
1 31 1.496
1 32 14.519
1 33 0.158
1 34 0.049
1 35 14.667
1 36 6.578
1 37 17.127
1 38 0.049
1 39 9.443
1 40 1.267
1 41 17.063
1 42 0.266
1 43 0.145
1 44 0.089
1 45 0.183
1 46 0.118
1 47 0.376
1 48 3.81
1 49 11.337
2 0 12.806
2 1 0.073
2 3 7.314
2 4 0.07
2 5 18.088
2 6 0.075
2 7 0.061
2 8 0.055
2 9 0.879
2 10 12.695
2 11 0.068
2 12 0.262
2 13 3.289
2 14 3.325
2 15 2.338
2 16 0.058
2 17 0.068
2 18 12.248
2 19 0.293
2 20 4.924
2 21 2.006
2 22 15.187
2 23 0.681
2 24 6.112
2 25 0.076
2 26 13.506
2 27 10.847
2 28 0.061
2 29 9.87
2 30 0.086
2 31 16.892
2 32 7.154
2 33 17.546
2 34 7.821
2 35 17.124
2 36 0.082
2 37 1.646
2 38 6.419
2 39 3.417
2 40 8.086
2 41 0.073
2 42 0.088
2 43 0.052
2 44 0.509
2 45 0.257
2 46 0.06
2 47 0.07
2 48 0.07
2 49 0.386
3 0 0.155
3 1 0.082
3 2 0.134
3 4 10.455
3 5 7.48
3 6 0.062
3 7 6.029
3 8 0.216
3 9 1.989
3 10 0.247
3 11 2.813
3 12 13.027
3 13 0.05
3 14 11.18
3 15 0.061
3 16 10.441
3 17 16.79
3 18 3.752
3 19 0.05
3 20 0.066
3 21 12.06
3 22 0.69
3 23 13.475
3 24 3.873
3 25 4.868
3 26 0.38
3 27 0.059
3 28 8.301
3 29 0.05
3 30 3.779
3 31 0.201
3 32 9.364
3 33 0.635
3 34 15.59
3 35 5.423
3 36 19.433
3 37 16.386
3 38 0.126
3 39 1.358
3 40 0.076
3 41 19.012
3 42 1.809
3 43 17.188
3 44 0.057
3 45 0.329
3 46 5.421
3 47 9.243
3 48 0.047
3 49 0.096
4 0 4.1
4 1 0.111
4 2 14.998
4 3 0.095
4 5 0.13
4 6 0.097
4 7 0.386
4 8 17.598
4 9 14.564
4 10 4.826
4 11 18.856
4 12 1.486
4 13 2.077
4 14 0.066
4 15 0.097
4 16 0.15
4 17 4.539
4 18 0.08
4 19 0.298
4 20 0.729
4 21 0.474
4 22 0.432
4 23 9.909
4 24 2.973
4 25 0.077
4 26 9.675
4 27 18.923
4 28 0.131
4 29 6.174
4 30 0.061
4 31 5.539
4 32 11.295
4 33 0.277
4 34 0.269
4 35 19.615
4 36 13.468
4 37 14.848
4 38 3.208
4 39 6.636
4 40 16.482
4 41 17.632
4 42 6.869
4 43 2.024
4 44 0.412
4 45 7.342
4 46 2.17
4 47 0.245
4 48 18.815
4 49 0.342
5 0 0.066
5 1 17.653
5 2 0.053
5 3 0.129
5 4 7.593
5 6 0.072
5 7 0.05
5 8 0.104
5 9 16.187
5 10 0.089
5 11 0.059
5 12 13.189
5 13 18.599
5 14 0.051
5 15 1.642
5 16 7.105
5 17 0.278
5 18 12.736
5 19 3.311
5 20 19.219
5 21 0.054
5 22 0.2
5 23 0.054
5 24 5.304
5 25 0.073
5 26 3.471
5 27 0.075
5 28 13.154
5 29 0.133
5 30 0.148
5 31 0.072
5 32 0.06
5 33 0.07
5 34 0.098
5 35 5.798
5 36 0.189
5 37 0.39
5 38 0.201
5 39 13.176
5 40 0.213
5 41 1.981
5 42 1.94
5 43 3.684
5 44 0.062
5 45 0.052
5 46 0.066
5 47 0.074
5 48 0.051
5 49 4.283
6 0 2.637
6 1 10.02
6 2 13.059
6 3 14.944
6 4 9.93
6 5 13.133
6 7 0.218
6 8 0.566
6 9 1.312
6 10 3.462
6 11 9.032
6 12 18.471
6 13 19.881
6 14 0.075
6 15 0.114
6 16 0.07
6 17 0.49
6 18 17.259
6 19 0.164
6 20 4.074
6 21 6.133
6 22 15.317
6 23 10.015
6 24 0.12
6 25 13.162
6 26 0.272
6 27 0.065
6 28 0.093
6 29 8.531
6 30 11.555
6 31 1.6
6 32 2.359
6 33 0.072
6 34 13.917
6 35 0.263
6 36 16.51
6 37 0.133
6 38 7.661
6 39 1.618
6 40 3.131
6 41 0.392
6 42 0.083
6 43 19.56
6 44 0.462
6 45 7.232
6 46 18.281
6 47 0.441
6 48 19.416
6 49 4.701
7 0 7.425
7 1 0.145
7 2 16.112
7 3 0.164
7 4 2.605
7 5 19.821
7 6 4.68
7 8 15.921
7 9 0.091
7 10 0.098
7 11 0.366
7 12 16.619
7 13 7.63
7 14 12.397
7 15 11.211
7 16 0.092
7 17 16.812
7 18 0.083
7 19 4.484
7 20 0.07
7 21 0.113
7 22 0.053
7 23 2.224
7 24 9.317
7 25 0.089
7 26 19.382
7 27 2.0
7 28 4.162
7 29 0.059
7 30 15.412
7 31 3.02
7 32 10.134
7 33 15.679
7 34 0.049
7 35 0.103
7 36 3.774
7 37 2.389
7 38 0.135
7 39 4.012
7 40 0.063
7 41 5.922
7 42 7.822
7 43 0.065
7 44 13.905
7 45 1.051
7 46 0.102
7 47 0.08
7 48 0.796
7 49 5.997
8 0 0.134
8 1 11.698
8 2 18.37
8 3 4.527
8 4 0.056
8 5 9.188
8 6 1.762
8 7 0.061
8 9 9.233
8 10 0.053
8 11 0.699
8 12 0.297
8 13 0.05
8 14 6.19
8 15 13.741
8 16 1.994
8 17 19.993
8 18 2.032
8 19 0.108
8 20 8.084
8 21 8.263
8 22 0.063
8 23 0.895
8 24 0.288
8 25 0.094
8 26 19.127
8 27 0.142
8 28 0.173
8 29 0.051
8 30 0.493
8 31 0.072
8 32 0.436
8 33 0.308
8 34 6.737
8 35 2.077
8 36 0.144
8 37 0.06
8 38 0.07
8 39 13.729
8 40 0.084
8 41 8.779
8 42 0.068
8 43 17.086
8 44 0.241
8 45 0.148
8 46 0.643
8 47 12.662
8 48 13.72
8 49 0.187
9 0 0.06
9 1 14.328
9 2 1.139
9 3 0.506
9 4 0.069
9 5 0.06
9 6 0.759
9 7 11.053
9 8 0.105
9 10 0.331
9 11 13.333
9 12 0.074
9 13 0.123
9 14 5.604
9 15 0.112
9 16 0.057
9 17 0.17
9 18 8.394
9 19 0.391
9 20 13.185
9 21 0.263
9 22 12.904
9 23 1.687
9 24 0.121
9 25 1.532
9 26 8.59
9 27 0.123
9 28 7.969
9 29 0.06
9 30 0.208
9 31 10.234
9 32 0.104
9 33 2.366
9 34 0.11
9 35 0.239
9 36 6.62
9 37 0.054
9 38 13.111
9 39 15.47
9 40 8.561
9 41 1.612
9 42 2.948
9 43 10.295
9 44 2.082
9 45 9.541
9 46 0.065
9 47 3.216
9 48 0.195
9 49 0.059
10 0 0.051
10 1 0.101
10 2 0.075
10 3 4.024
10 4 0.202
10 5 10.905
10 6 0.29
10 7 10.061
10 8 18.539
10 9 3.055
10 11 0.141
10 12 10.749
10 13 0.05
10 14 0.305
10 15 0.063
10 16 0.064
10 17 0.08
10 18 2.508
10 19 17.141
10 20 5.636
10 21 7.112
10 22 0.051
10 23 9.805
10 24 12.141
10 25 1.22
10 26 0.449
10 27 0.914
10 28 12.743
10 29 0.063
10 30 2.087
10 31 0.113
10 32 0.092
10 33 0.052
10 34 0.176
10 35 15.828
10 36 0.097
10 37 0.073
10 38 15.027
10 39 1.901
10 40 0.164
10 41 17.458
10 42 0.18
10 43 0.07
10 44 5.204
10 45 3.34
10 46 0.062
10 47 15.551
10 48 10.087
10 49 0.066
11 0 3.13
11 1 9.167
11 2 13.891
11 3 0.356
11 4 0.057
11 5 17.996
11 6 0.11
11 7 2.757
11 8 1.423
11 9 0.079
11 10 6.962
11 12 6.191
11 13 5.946
11 14 19.263
11 15 0.08
11 16 17.217
11 17 0.096
11 18 4.165
11 19 10.416
11 20 3.491
11 21 0.342
11 22 0.054
11 23 0.118
11 24 10.164
11 25 0.281
11 26 0.08
11 27 12.179
11 28 2.184
11 29 11.92
11 30 0.077
11 31 2.943
11 32 15.889
11 33 0.118
11 34 1.232
11 35 3.56
11 36 1.067
11 37 10.31
11 38 0.233
11 39 9.986
11 40 2.919
11 41 1.725
11 42 0.071
11 43 0.231
11 44 19.147
11 45 0.054
11 46 0.086
11 47 0.056
11 48 4.81
11 49 14.865
12 0 0.077
12 1 4.377
12 2 3.872
12 3 0.077
12 4 0.667
12 5 0.075
12 6 0.057
12 7 0.055
12 8 3.369
12 9 13.661
12 10 0.093
12 11 0.164
12 13 19.571
12 14 0.134
12 15 5.814
12 16 9.184
12 17 5.176
12 18 0.066
12 19 19.429
12 20 10.465
12 21 5.57
12 22 0.059
12 23 0.158
12 24 0.835
12 25 0.069
12 26 0.405
12 27 0.049
12 28 10.857
12 29 11.264
12 30 1.089
12 31 0.182
12 32 0.055
12 33 14.777
12 34 0.069
12 35 0.101
12 36 5.422
12 37 0.066
12 38 7.31
12 39 17.14
12 40 0.078
12 41 0.783
12 42 0.052
12 43 2.694
12 44 9.116
12 45 5.654
12 46 10.846
12 47 17.395
12 48 0.121
12 49 19.574
13 0 19.435
13 1 2.258
13 2 0.307
13 3 19.884
13 4 0.479
13 5 0.049
13 6 0.054
13 7 0.132
13 8 18.565
13 9 8.048
13 10 19.666
13 11 0.168
13 12 0.054
13 14 0.051
13 15 1.875
13 16 0.069
13 17 0.162
13 18 4.559
13 19 12.957
13 20 0.056
13 21 0.074
13 22 0.069
13 23 10.8
13 24 0.105
13 25 2.518
13 26 0.176
13 27 0.98
13 28 0.108
13 29 4.822
13 30 0.304
13 31 0.11
13 32 18.022
13 33 16.552
13 34 10.068
13 35 0.063
13 36 0.077
13 37 2.96
13 38 0.442
13 39 19.839
13 40 0.069
13 41 12.291
13 42 0.393
13 43 11.725
13 44 7.159
13 45 4.529
13 46 18.388
13 47 16.66
13 48 0.093
13 49 17.152
14 0 7.542
14 1 14.357
14 2 0.3
14 3 0.089
14 4 14.677
14 5 18.199
14 6 13.227
14 7 0.082
14 8 0.162
14 9 0.174
14 10 3.304
14 11 0.054
14 12 7.221
14 13 18.669
14 15 0.562
14 16 18.646
14 17 12.294
14 18 0.089
14 19 0.085
14 20 9.077
14 21 2.441
14 22 19.65
14 23 0.11
14 24 9.526
14 25 1.406
14 26 4.877
14 27 0.134
14 28 16.962
14 29 12.109
14 30 0.485
14 31 1.822
14 32 7.987
14 33 12.84
14 34 0.052
14 35 9.717
14 36 0.135
14 37 0.063
14 38 12.976
14 39 7.288
14 40 11.055
14 41 15.675
14 42 0.102
14 43 0.612
14 44 0.102
14 45 4.066
14 46 0.131
14 47 0.136
14 48 12.566
14 49 0.081
15 0 16.412
15 1 0.115
15 2 0.423
15 3 15.84
15 4 10.338
15 5 0.608
15 6 9.007
15 7 0.088
15 8 0.069
15 9 9.164
15 10 14.687
15 11 12.687
15 12 0.17
15 13 0.528
15 14 1.771
15 16 11.503
15 17 0.178
15 18 0.139
15 19 0.057
15 20 0.926
15 21 19.808
15 22 0.456
15 23 2.128
15 24 11.141
15 25 0.076
15 26 0.062
15 27 2.101
15 28 13.19
15 29 0.056
15 30 19.058
15 31 15.702
15 32 6.474
15 33 0.057
15 34 14.122
15 35 0.12
15 36 16.634
15 37 0.102
15 38 0.066
15 39 0.084
15 40 0.268
15 41 6.307
15 42 0.126
15 43 7.044
15 44 0.05
15 45 0.212
15 46 0.284
15 47 0.305
15 48 9.039
15 49 2.118
16 0 18.214
16 1 19.005
16 2 15.87
16 3 0.097
16 4 6.85
16 5 0.135
16 6 15.044
16 7 10.545
16 8 0.497
16 9 17.59
16 10 15.286
16 11 0.054
16 12 0.105
16 13 15.453
16 14 0.056
16 15 0.087
16 17 0.413
16 18 0.049
16 19 0.06
16 20 0.43
16 21 15.297
16 22 0.322
16 23 0.051
16 24 0.059
16 25 0.196
16 26 10.242
16 27 0.057
16 28 17.005
16 29 0.078
16 30 0.166
16 31 0.065
16 32 14.975
16 33 7.511
16 34 0.073
16 35 0.056
16 36 0.111
16 37 0.124
16 38 0.073
16 39 0.073
16 40 18.516
16 41 0.053
16 42 9.107
16 43 0.057
16 44 0.366
16 45 18.387
16 46 0.068
16 47 16.95
16 48 4.782
16 49 10.468
17 0 0.061
17 1 0.053
17 2 14.464
17 3 0.061
17 4 0.218
17 5 3.572
17 6 2.037
17 7 0.06
17 8 0.048
17 9 5.896
17 10 11.844
17 11 9.907
17 12 0.197
17 13 6.17
17 14 0.081
17 15 5.619
17 16 2.419
17 18 0.054
17 19 1.742
17 20 9.12
17 21 0.061
17 22 0.06
17 23 0.096
17 24 0.711
17 25 0.099
17 26 19.73
17 27 8.728
17 28 0.105
17 29 0.512
17 30 11.519
17 31 4.934
17 32 7.578
17 33 0.112
17 34 0.096
17 35 0.102
17 36 19.592
17 37 0.059
17 38 0.103
17 39 0.09
17 40 0.097
17 41 5.429
17 42 0.13
17 43 13.248
17 44 13.453
17 45 17.197
17 46 15.765
17 47 12.524
17 48 0.048
17 49 0.066
18 0 15.756
18 1 9.033
18 2 0.081
18 3 0.264
18 4 12.428
18 5 0.075
18 6 0.057
18 7 12.623
18 8 0.487
18 9 0.122
18 10 0.398
18 11 0.237
18 12 15.753
18 13 0.216
18 14 11.049
18 15 7.317
18 16 18.683
18 17 17.401
18 19 0.06
18 20 0.068
18 21 18.763
18 22 6.706
18 23 0.17
18 24 0.219
18 25 0.052
18 26 0.054
18 27 0.062
18 28 0.048
18 29 0.085
18 30 11.808
18 31 0.064
18 32 5.823
18 33 0.163
18 34 0.059
18 35 15.415
18 36 7.925
18 37 0.25
18 38 13.21
18 39 0.375
18 40 17.263
18 41 16.791
18 42 15.691
18 43 9.04
18 44 8.216
18 45 12.228
18 46 5.156
18 47 0.193
18 48 7.955
18 49 13.089
19 0 0.055
19 1 0.063
19 2 3.424
19 3 19.324
19 4 3.342
19 5 0.301
19 6 6.038
19 7 0.221
19 8 9.308
19 9 2.583
19 10 0.062
19 11 0.095
19 12 0.052
19 13 0.073
19 14 11.299
19 15 16.354
19 16 16.77
19 17 0.574
19 18 15.364
19 20 18.022
19 21 0.301
19 22 0.064
19 23 2.351
19 24 11.808
19 25 1.031
19 26 11.336
19 27 2.365
19 28 0.806
19 29 0.239
19 30 3.541
19 31 0.153
19 32 0.565
19 33 0.069
19 34 17.681
19 35 0.454
19 36 0.143
19 37 0.112
19 38 0.428
19 39 0.078
19 40 0.084
19 41 0.089
19 42 3.259
19 43 13.869
19 44 0.05
19 45 0.259
19 46 2.749
19 47 6.394
19 48 6.186
19 49 0.054
20 0 0.18
20 1 0.248
20 2 0.199
20 3 14.898
20 4 1.374
20 5 0.052
20 6 0.247
20 7 14.588
20 8 0.124
20 9 0.079
20 10 0.176
20 11 0.288
20 12 0.098
20 13 17.501
20 14 0.109
20 15 1.077
20 16 2.322
20 17 0.106
20 18 14.235
20 19 0.052
20 21 19.557
20 22 0.097
20 23 0.181
20 24 7.372
20 25 4.617
20 26 11.901
20 27 0.3
20 28 10.102
20 29 19.193
20 30 0.065
20 31 0.051
20 32 13.738
20 33 13.93
20 34 13.881
20 35 4.474
20 36 0.074
20 37 19.636
20 38 11.106
20 39 8.655
20 40 14.26
20 41 7.33
20 42 0.086
20 43 0.994
20 44 0.133
20 45 0.194
20 46 15.079
20 47 15.222
20 48 0.084
20 49 0.217
21 0 2.813
21 1 0.083
21 2 0.499
21 3 0.085
21 4 2.086
21 5 18.532
21 6 0.159
21 7 8.598
21 8 0.124
21 9 3.752
21 10 0.143
21 11 2.889
21 12 0.179
21 13 13.63
21 14 0.408
21 15 0.053
21 16 0.061
21 17 15.089
21 18 0.05
21 19 3.338
21 20 0.048
21 22 0.841
21 23 0.046
21 24 0.067
21 25 12.835
21 26 0.095
21 27 0.807
21 28 0.063
21 29 0.205
21 30 1.546
21 31 0.1
21 32 17.292
21 33 0.101
21 34 3.529
21 35 0.211
21 36 0.057
21 37 0.872
21 38 0.108
21 39 0.751
21 40 11.13
21 41 8.876
21 42 9.785
21 43 0.105
21 44 13.149
21 45 18.907
21 46 0.046
21 47 3.523
21 48 12.872
21 49 12.666
22 0 13.593
22 1 0.131
22 2 0.068
22 3 1.438
22 4 2.324
22 5 4.895
22 6 0.065
22 7 18.006
22 8 15.35
22 9 0.077
22 10 19.506
22 11 18.727
22 12 17.811
22 13 15.383
22 14 0.049
22 15 2.191
22 16 3.082
22 17 17.795
22 18 0.152
22 19 15.255
22 20 10.039
22 21 1.185
22 23 0.058
22 24 5.439
22 25 4.063
22 26 0.064
22 27 10.522
22 28 0.13
22 29 0.089
22 30 14.951
22 31 0.1
22 32 0.202
22 33 0.725
22 34 18.085
22 35 6.35
22 36 11.569
22 37 18.425
22 38 0.14
22 39 0.136
22 40 0.076
22 41 12.944
22 42 1.251
22 43 18.12
22 44 0.139
22 45 19.134
22 46 0.058
22 47 0.055
22 48 0.056
22 49 19.232
23 0 0.074
23 1 8.337
23 2 1.463
23 3 0.073
23 4 0.098
23 5 19.519
23 6 0.096
23 7 0.448
23 8 1.12
23 9 0.591
23 10 0.106
23 11 8.508
23 12 6.37
23 13 0.089
23 14 9.131
23 15 0.465
23 16 17.899
23 17 10.93
23 18 5.999
23 19 0.425
23 20 5.467
23 21 19.707
23 22 16.363
23 24 7.349
23 25 0.079
23 26 0.131
23 27 4.813
23 28 0.051
23 29 12.855
23 30 7.345
23 31 0.085
23 32 0.207
23 33 0.916
23 34 11.716
23 35 4.616
23 36 0.957
23 37 0.551
23 38 12.971
23 39 0.186
23 40 9.421
23 41 0.118
23 42 0.061
23 43 15.524
23 44 0.159
23 45 0.207
23 46 2.195
23 47 0.104
23 48 1.047
23 49 10.464
24 0 0.08
24 1 0.083
24 2 0.162
24 3 0.254
24 4 0.34
24 5 0.192
24 6 8.243
24 7 0.107
24 8 3.519
24 9 8.098
24 10 0.081
24 11 0.098
24 12 1.199
24 13 9.226
24 14 0.101
24 15 0.088
24 16 16.879
24 17 1.4
24 18 4.531
24 19 0.085
24 20 0.139
24 21 15.862
24 22 0.185
24 23 0.132
24 25 6.967
24 26 3.16
24 27 0.063
24 28 0.09
24 29 0.05
24 30 0.469
24 31 0.168
24 32 0.049
24 33 0.06
24 34 0.05
24 35 9.081
24 36 0.14
24 37 0.05
24 38 12.025
24 39 0.096
24 40 0.064
24 41 0.507
24 42 5.525
24 43 12.827
24 44 0.058
24 45 0.058
24 46 0.061
24 47 13.261
24 48 0.084
24 49 0.147
25 0 6.512
25 1 5.066
25 2 12.298
25 3 0.203
25 4 12.298
25 5 13.512
25 6 0.08
25 7 11.207
25 8 10.773
25 9 0.656
25 10 0.819
25 11 3.544
25 12 13.825
25 13 0.401
25 14 0.713
25 15 12.318
25 16 5.176
25 17 10.136
25 18 19.642
25 19 0.969
25 20 0.214
25 21 0.077
25 22 0.242
25 23 12.798
25 24 0.14
25 26 0.127
25 27 9.031
25 28 3.949
25 29 0.054
25 30 11.858
25 31 0.055
25 32 8.819
25 33 0.354
25 34 13.946
25 35 10.607
25 36 19.348
25 37 10.406
25 38 0.058
25 39 4.277
25 40 0.19
25 41 4.494
25 42 10.563
25 43 0.181
25 44 7.987
25 45 0.239
25 46 0.273
25 47 0.169
25 48 15.652
25 49 10.274
26 0 15.147
26 1 1.298
26 2 0.077
26 3 2.599
26 4 0.106
26 5 0.284
26 6 3.707
26 7 0.056
26 8 0.054
26 9 0.12
26 10 2.221
26 11 12.49
26 12 2.461
26 13 5.741
26 14 0.209
26 15 16.267
26 16 0.095
26 17 0.052
26 18 17.991
26 19 0.092
26 20 0.081
26 21 10.295
26 22 16.618
26 23 7.692
26 24 0.314
26 25 7.997
26 27 0.113
26 28 1.245
26 29 0.928
26 30 15.298
26 31 14.061
26 32 15.033
26 33 0.065
26 34 14.07
26 35 0.144
26 36 2.815
26 37 0.087
26 38 0.451
26 39 12.686
26 40 0.103
26 41 0.175
26 42 0.052
26 43 8.0
26 44 0.087
26 45 0.668
26 46 0.049
26 47 1.32
26 48 0.047
26 49 0.07
27 0 2.164
27 1 19.492
27 2 0.092
27 3 16.813
27 4 0.051
27 5 13.99
27 6 16.373
27 7 0.498
27 8 7.163
27 9 7.973
27 10 1.095
27 11 0.086
27 12 19.841
27 13 1.02
27 14 7.65
27 15 0.475
27 16 16.68
27 17 0.116
27 18 16.243
27 19 0.421
27 20 3.28
27 21 1.235
27 22 0.097
27 23 0.204
27 24 16.367
27 25 0.109
27 26 9.107
27 28 3.667
27 29 0.052
27 30 0.127
27 31 0.074
27 32 0.083
27 33 6.853
27 34 11.04
27 35 7.468
27 36 0.076
27 37 0.104
27 38 4.579
27 39 0.138
27 40 0.053
27 41 0.07
27 42 9.123
27 43 0.109
27 44 13.479
27 45 0.086
27 46 0.545
27 47 0.128
27 48 3.139
27 49 0.065
28 0 0.212
28 1 0.088
28 2 16.721
28 3 0.115
28 4 7.428
28 5 0.072
28 6 11.222
28 7 0.236
28 8 5.632
28 9 0.128
28 10 0.074
28 11 0.453
28 12 0.092
28 13 9.175
28 14 0.059
28 15 0.079
28 16 0.058
28 17 9.397
28 18 18.659
28 19 1.236
28 20 0.098
28 21 15.51
28 22 7.785
28 23 17.872
28 24 10.45
28 25 0.25
28 26 0.807
28 27 0.272
28 29 12.797
28 30 12.853
28 31 0.067
28 32 1.97
28 33 8.289
28 34 2.343
28 35 1.71
28 36 11.792
28 37 2.602
28 38 0.064
28 39 8.1
28 40 0.052
28 41 2.82
28 42 0.06
28 43 0.052
28 44 0.08
28 45 18.152
28 46 0.055
28 47 0.055
28 48 0.179
28 49 13.231
29 0 3.527
29 1 0.244
29 2 0.106
29 3 18.432
29 4 0.165
29 5 7.431
29 6 0.112
29 7 18.066
29 8 18.742
29 9 17.133
29 10 14.648
29 11 0.08
29 12 0.092
29 13 0.211
29 14 0.084
29 15 18.871
29 16 13.485
29 17 1.939
29 18 12.262
29 19 4.135
29 20 0.048
29 21 4.923
29 22 11.159
29 23 0.077
29 24 19.492
29 25 18.962
29 26 1.08
29 27 19.705
29 28 0.075
29 30 0.115
29 31 19.487
29 32 0.077
29 33 0.077
29 34 0.351
29 35 0.092
29 36 17.414
29 37 7.835
29 38 8.885
29 39 0.059
29 40 0.057
29 41 0.533
29 42 15.434
29 43 0.331
29 44 0.053
29 45 0.172
29 46 18.105
29 47 18.116
29 48 0.108
29 49 0.279
30 0 0.087
30 1 0.06
30 2 11.158
30 3 0.265
30 4 17.542
30 5 6.691
30 6 0.084
30 7 0.069
30 8 2.024
30 9 4.855
30 10 0.479
30 11 12.878
30 12 0.917
30 13 3.247
30 14 2.06
30 15 0.049
30 16 5.936
30 17 0.086
30 18 0.085
30 19 0.282
30 20 15.425
30 21 0.646
30 22 0.069
30 23 0.136
30 24 2.146
30 25 0.08
30 26 0.068
30 27 7.919
30 28 0.073
30 29 8.541
30 31 15.354
30 32 19.046
30 33 0.061
30 34 0.956
30 35 1.384
30 36 0.086
30 37 0.069
30 38 0.055
30 39 7.42
30 40 0.062
30 41 0.075
30 42 0.099
30 43 12.457
30 44 7.444
30 45 11.092
30 46 3.559
30 47 15.903
30 48 18.788
30 49 0.106
31 0 0.171
31 1 0.666
31 2 0.057
31 3 4.976
31 4 0.182
31 5 14.229
31 6 0.626
31 7 0.327
31 8 13.517
31 9 0.098
31 10 8.642
31 11 0.338
31 12 5.383
31 13 9.337
31 14 0.549
31 15 0.059
31 16 15.834
31 17 0.2
31 18 15.633
31 19 6.481
31 20 18.734
31 21 9.753
31 22 9.856
31 23 12.132
31 24 5.817
31 25 19.352
31 26 0.07
31 27 13.279
31 28 15.262
31 29 0.054
31 30 0.063
31 32 0.176
31 33 0.052
31 34 17.977
31 35 0.441
31 36 1.523
31 37 0.1
31 38 0.1
31 39 0.137
31 40 1.393
31 41 0.157
31 42 19.131
31 43 11.423
31 44 1.546
31 45 0.425
31 46 8.719
31 47 0.09
31 48 16.837
31 49 2.592
32 0 16.679
32 1 0.067
32 2 0.135
32 3 0.106
32 4 0.091
32 5 17.057
32 6 0.427
32 7 0.095
32 8 2.288
32 9 9.458
32 10 11.252
32 11 0.061
32 12 17.535
32 13 0.051
32 14 0.13
32 15 0.149
32 16 0.07
32 17 0.132
32 18 0.171
32 19 1.771
32 20 0.068
32 21 0.059
32 22 5.021
32 23 4.752
32 24 18.766
32 25 0.108
32 26 0.07
32 27 12.095
32 28 0.511
32 29 13.016
32 30 0.049
32 31 5.824
32 33 0.091
32 34 7.896
32 35 0.15
32 36 0.423
32 37 15.071
32 38 0.05
32 39 0.121
32 40 0.046
32 41 3.33
32 42 6.595
32 43 0.243
32 44 4.54
32 45 12.869
32 46 0.085
32 47 0.683
32 48 5.524
32 49 0.051
33 0 0.08
33 1 6.438
33 2 0.056
33 3 1.57
33 4 3.611
33 5 15.131
33 6 14.243
33 7 0.064
33 8 3.259
33 9 0.418
33 10 18.526
33 11 8.696
33 12 0.068
33 13 0.062
33 14 0.078
33 15 16.151
33 16 0.129
33 17 8.813
33 18 6.143
33 19 13.78
33 20 0.075
33 21 10.089
33 22 1.378
33 23 1.09
33 24 17.473
33 25 2.849
33 26 15.978
33 27 0.145
33 28 0.116
33 29 12.204
33 30 15.547
33 31 19.328
33 32 10.507
33 34 8.225
33 35 0.117
33 36 11.614
33 37 9.296
33 38 13.636
33 39 6.015
33 40 18.646
33 41 0.077
33 42 0.059
33 43 7.536
33 44 1.53
33 45 0.955
33 46 0.113
33 47 17.968
33 48 0.217
33 49 0.059
34 0 0.06
34 1 19.003
34 2 0.125
34 3 0.066
34 4 3.713
34 5 10.022
34 6 0.069
34 7 19.302
34 8 0.151
34 9 9.359
34 10 5.55
34 11 0.813
34 12 13.522
34 13 0.101
34 14 19.757
34 15 0.066
34 16 14.216
34 17 10.554
34 18 15.645
34 19 0.051
34 20 0.071
34 21 0.28
34 22 0.053
34 23 0.088
34 24 18.471
34 25 0.066
34 26 0.067
34 27 0.094
34 28 0.426
34 29 2.878
34 30 1.041
34 31 0.052
34 32 0.126
34 33 0.119
34 35 0.218
34 36 18.998
34 37 3.846
34 38 0.095
34 39 0.406
34 40 12.325
34 41 0.211
34 42 10.879
34 43 0.095
34 44 0.129
34 45 6.085
34 46 4.322
34 47 7.138
34 48 0.098
34 49 6.775
35 0 0.193
35 1 0.063
35 2 0.055
35 3 0.183
35 4 0.055
35 5 0.172
35 6 3.842
35 7 10.126
35 8 0.478
35 9 4.089
35 10 0.062
35 11 0.281
35 12 9.637
35 13 16.869
35 14 0.098
35 15 8.001
35 16 18.144
35 17 9.344
35 18 0.069
35 19 2.218
35 20 0.227
35 21 4.671
35 22 0.156
35 23 0.221
35 24 0.115
35 25 0.097
35 26 7.165
35 27 0.133
35 28 0.584
35 29 10.548
35 30 0.72
35 31 2.266
35 32 6.813
35 33 8.622
35 34 4.563
35 36 0.239
35 37 5.828
35 38 0.139
35 39 0.878
35 40 0.151
35 41 0.107
35 42 0.109
35 43 7.065
35 44 18.882
35 45 0.059
35 46 0.143
35 47 0.187
35 48 4.335
35 49 0.178
36 0 10.232
36 1 0.156
36 2 12.873
36 3 0.052
36 4 0.077
36 5 5.256
36 6 0.061
36 7 0.263
36 8 6.687
36 9 0.155
36 10 10.077
36 11 0.934
36 12 0.184
36 13 12.359
36 14 7.579
36 15 0.055
36 16 9.302
36 17 0.054
36 18 0.131
36 19 6.867
36 20 14.181
36 21 16.809
36 22 0.082
36 23 1.04
36 24 7.126
36 25 0.054
36 26 0.352
36 27 12.61
36 28 0.079
36 29 0.053
36 30 11.995
36 31 0.66
36 32 2.352
36 33 0.09
36 34 0.047
36 35 4.229
36 37 0.433
36 38 7.969
36 39 0.55
36 40 7.136
36 41 0.175
36 42 10.208
36 43 7.414
36 44 8.24
36 45 0.112
36 46 13.898
36 47 18.259
36 48 0.198
36 49 0.087
37 0 12.319
37 1 0.061
37 2 0.608
37 3 0.062
37 4 0.066
37 5 2.529
37 6 7.54
37 7 0.418
37 8 16.197
37 9 18.634
37 10 12.972
37 11 0.093
37 12 15.042
37 13 0.336
37 14 16.747
37 15 9.507
37 16 8.158
37 17 16.756
37 18 4.054
37 19 8.827
37 20 0.053
37 21 1.146
37 22 0.05
37 23 1.802
37 24 19.826
37 25 0.1
37 26 11.791
37 27 9.825
37 28 0.389
37 29 0.126
37 30 14.989
37 31 9.949
37 32 0.067
37 33 0.108
37 34 0.262
37 35 0.169
37 36 2.327
37 38 0.117
37 39 0.166
37 40 13.752
37 41 0.089
37 42 0.083
37 43 0.719
37 44 0.405
37 45 17.007
37 46 0.075
37 47 0.107
37 48 0.056
37 49 12.987
38 0 9.181
38 1 19.484
38 2 0.154
38 3 8.145
38 4 0.308
38 5 5.091
38 6 0.126
38 7 7.294
38 8 14.363
38 9 0.072
38 10 0.069
38 11 4.224
38 12 0.14
38 13 2.257
38 14 0.076
38 15 14.611
38 16 12.768
38 17 9.38
38 18 0.076
38 19 2.338
38 20 0.093
38 21 9.318
38 22 7.073
38 23 0.076
38 24 0.08
38 25 17.107
38 26 2.195
38 27 0.217
38 28 15.295
38 29 0.111
38 30 18.643
38 31 10.155
38 32 17.929
38 33 0.072
38 34 10.486
38 35 6.986
38 36 0.126
38 37 8.629
38 39 4.665
38 40 4.816
38 41 1.095
38 42 3.329
38 43 0.084
38 44 8.932
38 45 0.054
38 46 0.711
38 47 0.094
38 48 0.069
38 49 1.596
39 0 9.55
39 1 0.104
39 2 0.288
39 3 0.735
39 4 0.145
39 5 0.072
39 6 0.617
39 7 0.248
39 8 0.068
39 9 0.068
39 10 0.526
39 11 0.1
39 12 0.061
39 13 0.05
39 14 0.137
39 15 11.159
39 16 13.877
39 17 10.949
39 18 2.641
39 19 13.055
39 20 0.116
39 21 1.324
39 22 7.315
39 23 5.365
39 24 10.919
39 25 0.231
39 26 0.074
39 27 7.157
39 28 0.123
39 29 15.859
39 30 0.136
39 31 7.459
39 32 8.361
39 33 0.164
39 34 2.466
39 35 1.132
39 36 1.808
39 37 5.958
39 38 0.215
39 40 0.245
39 41 7.362
39 42 5.335
39 43 16.138
39 44 2.213
39 45 0.094
39 46 14.168
39 47 19.427
39 48 0.058
39 49 0.127
40 0 0.235
40 1 0.791
40 2 0.127
40 3 12.907
40 4 0.064
40 5 4.634
40 6 0.322
40 7 16.979
40 8 11.842
40 9 0.12
40 10 6.269
40 11 0.342
40 12 13.496
40 13 13.91
40 14 0.091
40 15 3.704
40 16 0.058
40 17 10.024
40 18 0.057
40 19 11.729
40 20 0.072
40 21 0.091
40 22 13.1
40 23 0.11
40 24 14.903
40 25 5.374
40 26 9.782
40 27 19.407
40 28 19.9
40 29 17.92
40 30 15.363
40 31 0.717
40 32 19.773
40 33 0.055
40 34 0.082
40 35 6.587
40 36 0.144
40 37 0.067
40 38 0.211
40 39 4.08
40 41 19.279
40 42 0.489
40 43 12.753
40 44 0.146
40 45 10.509
40 46 13.497
40 47 0.137
40 48 0.373
40 49 0.089
41 0 19.084
41 1 0.06
41 2 13.138
41 3 0.053
41 4 0.059
41 5 0.499
41 6 2.53
41 7 0.171
41 8 0.114
41 9 0.616
41 10 0.059
41 11 0.582
41 12 1.276
41 13 0.084
41 14 0.063
41 15 0.161
41 16 17.671
41 17 0.188
41 18 0.061
41 19 10.611
41 20 0.136
41 21 0.116
41 22 0.075
41 23 8.522
41 24 1.957
41 25 0.227
41 26 5.801
41 27 13.277
41 28 0.356
41 29 1.888
41 30 13.874
41 31 6.533
41 32 0.295
41 33 12.356
41 34 4.776
41 35 8.88
41 36 5.664
41 37 11.127
41 38 0.913
41 39 0.136
41 40 0.053
41 42 13.464
41 43 0.061
41 44 13.19
41 45 4.085
41 46 0.166
41 47 8.833
41 48 19.087
41 49 9.801
42 0 0.615
42 1 3.733
42 2 11.871
42 3 0.557
42 4 0.141
42 5 0.515
42 6 11.716
42 7 0.13
42 8 15.022
42 9 0.338
42 10 5.538
42 11 14.472
42 12 19.434
42 13 2.57
42 14 9.484
42 15 8.145
42 16 0.114
42 17 7.99
42 18 0.059
42 19 0.308
42 20 11.886
42 21 0.102
42 22 0.796
42 23 17.514
42 24 0.179
42 25 0.098
42 26 18.059
42 27 0.113
42 28 15.485
42 29 0.06
42 30 9.785
42 31 0.047
42 32 0.147
42 33 16.228
42 34 0.087
42 35 8.829
42 36 0.095
42 37 11.754
42 38 0.298
42 39 0.186
42 40 2.041
42 41 0.075
42 43 0.089
42 44 0.288
42 45 18.361
42 46 0.105
42 47 0.176
42 48 0.064
42 49 3.897
43 0 0.238
43 1 7.098
43 2 19.014
43 3 0.059
43 4 0.498
43 5 0.272
43 6 0.049
43 7 14.992
43 8 0.055
43 9 0.093
43 10 14.414
43 11 4.355
43 12 0.368
43 13 0.086
43 14 1.626
43 15 0.14
43 16 17.42
43 17 0.074
43 18 0.113
43 19 0.074
43 20 1.005
43 21 9.745
43 22 0.053
43 23 0.069
43 24 0.078
43 25 5.517
43 26 0.123
43 27 9.129
43 28 17.57
43 29 3.029
43 30 0.078
43 31 0.09
43 32 4.048
43 33 0.135
43 34 10.396
43 35 0.137
43 36 0.138
43 37 1.385
43 38 11.358
43 39 0.065
43 40 0.074
43 41 16.97
43 42 11.473
43 44 14.849
43 45 0.064
43 46 0.054
43 47 7.108
43 48 0.312
43 49 0.176
44 0 10.712
44 1 11.71
44 2 1.972
44 3 16.309
44 4 2.409
44 5 16.198
44 6 2.171
44 7 0.067
44 8 4.181
44 9 0.479
44 10 0.189
44 11 0.055
44 12 0.105
44 13 0.135
44 14 10.094
44 15 19.879
44 16 2.762
44 17 0.077
44 18 0.125
44 19 18.196
44 20 7.563
44 21 0.073
44 22 7.151
44 23 6.3
44 24 15.871
44 25 0.122
44 26 10.98
44 27 0.069
44 28 12.749
44 29 17.506
44 30 0.134
44 31 0.648
44 32 0.22
44 33 0.654
44 34 7.923
44 35 0.048
44 36 0.121
44 37 2.481
44 38 0.109
44 39 0.452
44 40 6.632
44 41 0.079
44 42 3.466
44 43 0.071
44 45 0.067
44 46 17.209
44 47 10.883
44 48 18.499
44 49 14.058
45 0 0.931
45 1 5.363
45 2 3.878
45 3 3.042
45 4 0.134
45 5 17.434
45 6 0.136
45 7 0.95
45 8 6.902
45 9 0.105
45 10 0.301
45 11 17.818
45 12 0.179
45 13 0.224
45 14 0.248
45 15 4.654
45 16 0.05
45 17 0.056
45 18 0.085
45 19 3.851
45 20 5.216
45 21 0.049
45 22 0.055
45 23 4.704
45 24 16.766
45 25 4.203
45 26 1.493
45 27 11.381
45 28 0.052
45 29 5.836
45 30 0.09
45 31 2.337
45 32 0.076
45 33 1.043
45 34 0.165
45 35 16.856
45 36 9.201
45 37 0.061
45 38 19.971
45 39 10.622
45 40 0.098
45 41 0.245
45 42 0.051
45 43 15.542
45 44 15.262
45 46 17.58
45 47 17.934
45 48 14.359
45 49 0.605
46 0 0.364
46 1 8.663
46 2 16.381
46 3 0.186
46 4 0.459
46 5 14.726
46 6 0.058
46 7 9.45
46 8 1.552
46 9 15.87
46 10 16.353
46 11 12.054
46 12 0.091
46 13 0.052
46 14 7.525
46 15 3.566
46 16 14.86
46 17 0.065
46 18 0.193
46 19 0.361
46 20 0.068
46 21 19.537
46 22 17.257
46 23 0.456
46 24 15.981
46 25 3.651
46 26 19.494
46 27 1.843
46 28 17.47
46 29 0.052
46 30 0.282
46 31 0.115
46 32 11.301
46 33 8.641
46 34 0.235
46 35 7.031
46 36 0.071
46 37 13.181
46 38 1.41
46 39 0.066
46 40 0.073
46 41 5.935
46 42 9.597
46 43 17.405
46 44 0.06
46 45 0.052
46 47 14.181
46 48 17.077
46 49 0.091
47 0 14.933
47 1 2.674
47 2 14.022
47 3 0.106
47 4 4.152
47 5 13.127
47 6 2.266
47 7 12.915
47 8 0.081
47 9 0.307
47 10 0.063
47 11 19.205
47 12 0.061
47 13 0.058
47 14 7.411
47 15 3.238
47 16 0.059
47 17 0.079
47 18 5.107
47 19 0.157
47 20 0.063
47 21 0.287
47 22 17.273
47 23 9.789
47 24 0.075
47 25 6.065
47 26 0.756
47 27 7.708
47 28 19.479
47 29 0.055
47 30 0.061
47 31 11.158
47 32 1.465
47 33 0.051
47 34 0.144
47 35 5.482
47 36 0.059
47 37 9.54
47 38 10.508
47 39 0.051
47 40 7.161
47 41 0.108
47 42 5.581
47 43 0.138
47 44 0.091
47 45 0.057
47 46 0.071
47 48 8.635
47 49 0.498
48 0 0.055
48 1 0.266
48 2 13.728
48 3 19.253
48 4 0.05
48 5 19.712
48 6 0.05
48 7 1.257
48 8 0.077
48 9 5.003
48 10 0.096
48 11 0.21
48 12 8.337
48 13 10.527
48 14 0.083
48 15 0.107
48 16 0.21
48 17 18.762
48 18 0.126
48 19 0.157
48 20 11.517
48 21 0.076
48 22 19.207
48 23 0.957
48 24 12.221
48 25 0.062
48 26 19.294
48 27 0.317
48 28 5.443
48 29 9.043
48 30 0.052
48 31 0.055
48 32 0.18
48 33 4.619
48 34 10.367
48 35 0.234
48 36 4.916
48 37 19.116
48 38 15.371
48 39 17.519
48 40 2.69
48 41 0.05
48 42 14.544
48 43 3.237
48 44 0.052
48 45 0.065
48 46 0.058
48 47 0.118
48 49 7.868
49 0 15.233
49 1 0.083
49 2 2.561
49 3 10.712
49 4 2.931
49 5 0.229
49 6 0.211
49 7 0.162
49 8 5.404
49 9 16.44
49 10 14.552
49 11 0.072
49 12 0.046
49 13 0.061
49 14 11.572
49 15 0.474
49 16 0.099
49 17 14.661
49 18 0.076
49 19 18.381
49 20 4.513
49 21 0.079
49 22 0.056
49 23 0.097
49 24 7.0
49 25 0.094
49 26 14.741
49 27 14.804
49 28 0.079
49 29 3.535
49 30 9.355
49 31 0.382
49 32 19.732
49 33 16.406
49 34 0.148
49 35 5.623
49 36 11.466
49 37 0.079
49 38 0.624
49 39 8.061
49 40 10.907
49 41 0.106
49 42 0.257
49 43 5.559
49 44 0.072
49 45 1.658
49 46 10.706
49 47 2.012
49 48 0.124
